48756
138080
61452
42812
25544
8488
124296
98152
17852
37664
39816
38452
72236
28800
44820
61124
16268
8060
35992
33228
32604
20300
47072
59612
73396
34888
54544
20168
44936
72236
26092
62144
61996
18008
80596
15736
20188
11168
75644
69084
13420
11192
80768
64308
35812
41932
19532
16132
60676
69088
12080
17516
37044
81396
11128
57220
77940
72512
7784
16216
80536
7724
73952
70416
71540
14256
34980
3688
48224
62032
38036
20068
5792
41184
62032
108068
61324
36168
8144
59936
27928
51628
113424
71932
55152
55936
80976
27548
27820
22248
87820
60572
123560
82256
64892
72996
27088
12996
26224
37844
55972
36380
86472
51336
41180
13108
13144
107588
20340
38052
85492
107176
70000
44440
76160
37844
21024
56388
16600
8136
29236
18176
44868
60108
12872
88204
98792
26784
43708
19924
81900
77236
14972
44736
71448
80432
89432
78028
41368
81196
21612
62056
56124
22760
26628
16992
23572
34588
36212
75196
34624
27824
17752
37956
24900
28712
16356
82240
71980
34348
56444
67184
78828
31840
35924
3428
62424
61364
72352
33592
17624
8680
40520
66832
50508
22084
27860
89956
80028
34088
80640
43540
6496
16380
12816
16664
84552
68652
112048
61468
79364
36284
113984
60976
16572
26648
35536
36180
86132
16780
69124
43968
99336
15976
39788
37928
5268
43536
65708
44448
12988
16828
17252
44204
40988
28588
80052
36868
17648
14444
82060
77896
60504
68620
16260
81100
45212
26512
64060
27648
92120
17112
12480
43188
38784
35324
36504
43600
13208
78652
155820
103252
40112
69848
85360
31468
40324
7000
27700
81212
16748
75632
34184
37856
95956
26856
89672
31664
37836
45152
27572
16424
60384
35328
128140
29204
21072
16648
15704
38516
32260
25464
26848
20444
19384
62200
18432
8344
14144
56764
27600
40216
20224
61852
75384
99776
26176
75476
40176
23784
41972
37124
77568
78392
16828
31896
78236
11976
31432
71292
35424
24392
119692
45284
16212
18280
86696
25828
80784
44936
17328
10948
132012
73100
17816
75176
45244
58932
16928
16804
42644
3756
41992
65428
140624
32612
75804
80228
7716
52440
27396
62140
16100
70380
32920
46520
36064
6944
131348
45556
124424
13204
36832
32544
28080
32528
79856
15924
35792
40636
136208
75160
21928
37844
61948
56984
127196
25976
36780
37764
15856
90408
130984
12924
131056
45880
84128
81624
35548
34756
25956
39908
15864
34396
81376
71604
16768
62132
118648
45964
36228
24316
27724
42272
40476
60984
28412
36608
45232
35276
37840
51240
64144
45264
44340
26980
128048
8328
69388
42192
28448
21396
15304
28028
65336
18228
17848
36188
33000
125304
27012
70972
37600
19860
34704
16756
131588
72600
26100
32508
52096
44532
76548
79724
7372
48728
59856
72084
39948
27260
36056
15536
16112
78264
3128
104084
76180
42064
13112
54940
85212
61376
79688
32536
69724
38400
17376
29060
47700
21708
17920
77492
60296
66168
12896
49292
46928
35408
7996
37612
74020
14708
20156
32552
58680
69356
9944
80404
31792
45968
37072
3656
46888
13048
45580
8856
34292
35184
61828
36096
28904
31484
68580
16784
38480
43048
124808
36052
34800
16744
80272
17796
73132
125000
36844
13168
60416
26748
99188
78192
17552
36416
37660
42852
16776
47088
26968
33000
66080
59240
21524
38240
62308
16536
17328
30116
7456
28576
24220
108412
84104
5944
42888
85808
79976
67132
9904
16968
28580
18212
13140
40092
56852
77204
46372
13108
15244
24520
8164
74696
74064
112604
38132
19040
16636
81248
52416
56624
97976
27500
15184
61692
120008
36972
27540
71388
91740
75064
58376
79460
60124
59144
60204
17120
17844
36924
76496
62720
17772
69816
35216
77076
58724
99780
39524
45216
13408
35364
27848
45932
37560
22872
65028
60508
58472
46376
67032
69428
54724
81524
1752
71224
119908
43280
40700
28812
81872
13772
20072
15772
79160
28168
70736
15304
44068
6340
96404
39724
37828
78316
67084
83712
15944
27776
42632
51608
61680
44260
80572
71292
27524
27780
29512
27924
99812
78388
39740
114556
15760
27860
49112
78304
3468
1244
143460
37940
44052
15800
82656
21328
31076
8548
13120
31736
7224
12432
56300
17508
60676
27272
8140
33784
36360
20004
37776
41320
81536
72320
36200
82880
69152
17224
74800
7812
78712
26512
56808
45264
36816
18032
56456
36832
83532
11952
51748
62180
26596
69080
18836
35796
8644
39512
66084
60112
8116
61892
45172
16892
43232
45380
60164
78152
8536
11852
8928
102292
12180
24908
16872
56352
56100
42848
20352
110400
35488
28952
60912
3516
59020
25096
11200
12428
108868
47028
44828
91936
78652
28284
11160
26056
23216
99148
71812
27840
57044
30284
80496
39332
18080
8900
75948
44844
109052
5656
55400
13548
66884
81236
69296
44392
37800
74976
85552
41248
12420
61132
41020
19892
42624
114680
61324
87728
12628
54844
76596
59060
91944
35000
91160
70952
94800
3072
41636
42520
4832
66688
7832
19216
67300
113224
73592
31468
35260
74468
58260
58128
32324
60144
13800
80412
32760
123224
32860
29516
79396
20988
48920
47576
13216
36152
13988
52016
26656
17752
38048
8252
16776
113272
15120
43400
47292
53748
17956
24908
17796
36580
53192
78780
16840
68360
74320
28128
17856
69296
111104
28824
43548
172204
22952
17820
78124
45400
28708
82048
17860
21056
114820
72256
82484
64376
45168
108880
20440
83796
5780
83124
67200
27296
36964
45048
31652
38244
36620
37944
37424
130296
20292
17892
19728
37132
20296
16964
28932
31936
69800
80532
58476
45240
18196
81364
35968
38156
59016
92292
51644
44456
37684
45120
92300
99692
26076
71140
8464
20116
3636
43472
6964
11172
118936
69748
52176
27180
27572
82896
134236
28864
21776
16100
16004
33900
16292
23864
25772
12376
81388
41168
29004
126476
34464
17064
42388
20256
61216
56816
28928
31108
108084
64768
45896
19760
81000
62124
81544
82856
31772
16184
17844
27944
42940
15988
59700
81444
35188
74204
63040
44428
26972
35208
17124
8652
7776
81608
23988
31812
34916
3380
16004
29388
100520
17084
36212
101548
80400
32416
84112
19800
49044
19496
40188
97980
9116
37172
28016
75744
55192
49108
26592
76520
15312
79428
24060
17340
7988
11252
62116
63300
79460
81224
34696
13704
46704
37528
70376
33888
32864
78288
8128
70628
45104
27676
44140
89156
34680
60852
100820
44344
99876
63948
72400
41804
41080
21748
9168
19824
28200
20012
83292
94920
39172
79848
